赤色灯       50   5     8     5      3    7     15      50      7    100  50 150 100 150   0 100 150 100 100 100 100
黄色灯       100  150   15    10      8   10     20     100     15   100 100 150 100  50 100 150 100 100 100 100 100
青色灯       300  200   10    40     30   45     30     200     28   100 100   0 150 150 100  50 100 150 100 100 100
紫色灯 	     500  300   70    80     65   60     80     500     41   100  50  50 100 150   0   0 100 100 100  50 100
緑色灯       150  100   25    20     10   20     10     150     20    50 100 100 100 100   0   0 100 100   0   0 200
橙色灯       400  100   60    40     40   60     20     400     33   100  50  50  50  50   0   0   0  50   0   0 300
龍           1000  200  150   150     60  150     30     800     47    50 100  50 100  75   0   0   0   0   0   0   0
大賢者       6000 9999  59   500    700  500    600   40000     80   100 100 100 100 100   0   0   0   0   0  50   0
番人         1000 1000  400  600    300  500    300  100000     90   100   0   0   0   0   0   0   0   0   0  50   0





