赤色灯       50   5     8     5      3    7     15      50      7    100  50 150 100 150   0 100 150 100 100 100 100
黄色灯       100  150   15    10      8   10     20     100     15   100 100 150 100  50 100 150 100 100 100 100 100
青色灯       300  200   10    40     30   45     30     200     28   100 100   0 150 150 100  50 100 150 100 100 100
紫色灯 	     500  300   70    80     65   60     80     500     41   100  50  50 100 150   0   0 100 100 100  50 100
黒炎灯 	     1000 1000   0   100    100  150    100   10000     50    50 100 100 100 100   0   0   0  30   0   0   0   
白雷灯 	     1000 0    150   100      0  100      0   10000     50   100  50  50  50  50   0   0   0   0   0  50 100
龍           4000 3000 300   200    250  400    215   20000     70   100 100 100 100 100   0   0 100 100   0   0   0
大賢者       6000 9999  59   500    700  500    600   40000     80   100 100 100 100 100   0   0   0   0   0  50   0
番人        10000 10000 1000 800    800  900    230  100000     90   100   0   0   0   0   0   0   0   0   0  50   0





